52428800S
0 0
336 1
3116 1
7418 1
3726 1
99551 1
99551 1
99549 1
99490 1
46462 1
4034 1
47996 1
48012 1
48064 1
48064 1
48037 1
48037 1
48037 1
48036 1
48036 1
59069 1
61319 1
82598 1
29960 1
99589 1
99577 1
99577 1
4087 1
99577 1
99603 1
59071 1
59071 1
59071 1
46034 1
46034 1
45970 1
1385 1
2038 1
203234 1
299058 1
269253 1
289663 1
202429 1
188367 1
414838 1
206620 1
414790 1
86901 1
136629 1
480406 1
559998 1
105662 1
273874 1
109420 1
104393 1
417786 1
17147 1
404385 1
34230 1
96031 1
39457 1
2984 1
102632 1
49637 1
34145 1
66294 1
415326 1
739533 1
54174 1
138865 1
325751 1
313871 1
364776 1
188334 1
420955 1
177619 1
334198 1
6262 1
2042 1
261515 1
264722 1
59540 1
1393 1
72057 1
110016 1
488638 1
224298 1
453858 1
192132 1
484759 1
107216 1
88799 1
23185 1
178553 1
156784 1
59327 1
410664 1
177927 1
1378 1
162710 1
15711 1
171774 1
98486 1
208172 1
223860 1
223384 1
98554 1
406083 1
32101 1
98568 1
23939 1
728453 1
317434 1
174057 1
174743 1
174664 1
174658 1
174654 1
399525 1
175156 1
87210 1
142566 1
180555 1
180429 1
188504 1
143715 1
188494 1
77405 1
181132 1
212199 1
344399 1
344120 1
605141 1
344148 1
384394 1
522084 1
522043 1
464781 1
18029 1
18014 1
522492 1
369335 1
479691 1
519752 1
479764 1
145878 1
260436 1
479619 1
482696 1
344476 1
519700 1
1355 1
474928 1
438901 1
76438 1
13846 1
16629 1
1366 1
230124 1
231282 1
239364 1
26896 1
15615 1
29054 1
366469 1
366544 1
54294 1
32810 1
77498 1
80578 1
39166 1
82482 1
370544 1
270661 1
32857 1
270589 1
32709 1
79777 1
24460 1
750932 1
21463 1
22229 1
21328 1
16227 1
206457 1
206457 1
203547 1
83288 1
382697 1
233104 1
242704 1
209601 1
17800 1
242695 1
242643 1
206765 1
183524 1
209577 1
206809 1
206809 1
206812 1
206819 1
635439 1
31423 1
242711 1
246573 1
242656 1
229520 1
229499 1
85505 1
17888 1
239408 1
239349 1
136895 1
246542 1
246584 1
257646 1
636378 1
247539 1
369547 1
36023 1
48362 1
400710 1
53803 1
52634 1
48427 1
54662 1
118989 1
18630 1
2378 1
